20
1
5 8 1 10 3 7 6 9 4 1 6 8 2 4 10 3
2
5 8 1 10 3 7 6 9 4 1 6 8 2 4 10 3
8
5 8 1 10 3 7 6 9 4 1 6 8 2 4 10 3
4
14 12 10 6 16 8 16 11 6 19 10 4 20 19 20 3
1
8 4 6 4 19 9 12 16 14 9 18 8 13 17 12 12
2
20 15 3 3 5 15 17 4 17 18 18 13 7 11 7 10
5
14 5 19 14 4 7 9 7 20 15 15 5 7 20 3 11
5
14 12 14 7 20 2 11 8 6 10 13 5 4 5 4 10
7
17 15 9 17 16 3 14 20 17 6 13 19 17 2 17 15
3
11 20 11 12 16 17 15 11 16 6 12 18 19 10 14 6
5
70 24 61 85 70 38 86 40 47 6 64 7 55 34 69 89
5
35 99 76 48 41 93 44 5 57 68 83 23 29 41 99 51
6
91 5 42 63 96 67 57 53 16 30 9 4 5 79 75 47
1
36 14 78 23 99 5 32 47 40 92 79 62 43 72 12 34
2
68 11 82 93 38 43 98 20 52 5 21 15 63 89 84 47
7
99611405 5802544 29512679 41150254 53547257 78358802 82436914 43030035 18194362 79931494 69044349 6302972 30692141 157740 78526186 54914995
6
97370530 36863420 8543612 29932966 10859513 53083623 74057070 77373624 82141916 26530719 39773022 98884210 94000585 98230567 78983917 2376110
6
5276162 73399428 90123517 6769899 86609403 81507924 81901730 28730352 50149634 56184478 46015393 19541898 79311334 45409083 67646675 47462799
3
27544983 15030696 35049629 89571223 71004055 89958552 14226279 64007862 17120615 35624758 51574786 37259999 57856275 7709214 37627403 37856885
8
84737105 67650893 41580907 40607993 2675959 48047856 84560657 59897676 81204123 69665596 1652042 86064303 36264758 95429995 94636911 54376986
